Distance (um)	Xalm	Xsps	Xprp	Xgrs
220	0.81492492	0.00326281	0.17260276	0.00920951
230	0.79411012	0.00380427	0.19281982	0.00953753
240	0.8142459	0.00430701	0.17126477	0.01168122
250	0.81971718	0.00375574	0.1646054	0.01201329
260	0.81564317	0.00362529	0.16594641	0.01484764
270	0.81686289	0.00413759	0.16474389	0.01431154
280	0.81277815	0.00351669	0.17050932	0.01324211
290	0.81270078	0.0032109	0.17196244	0.01216758
300	0.81352511	0.00305037	0.17164031	0.01182096
310	0.81483881	0.0030346	0.1708517	0.01138592
320	0.81306717	0.00277556	0.17248231	0.01167495
330	0.81744077	0.00278728	0.16812138	0.01165057
340	0.81478457	0.00275263	0.17070198	0.01179398
350	0.81373835	0.00265549	0.17160916	0.01206177
360	0.81616951	0.00254951	0.16988369	0.01142802
370	0.81737255	0.00253762	0.16817127	0.01194951
380	0.81617886	0.00287425	0.1689327	0.0120142
390	0.81527243	0.00282763	0.16940521	0.01249473
400	0.81940538	0.00260677	0.16597234	0.01201551
410	0.81804309	0.00291327	0.16665675	0.01238689
420	0.82046026	0.00286252	0.16415302	0.01255787
430	0.82185128	0.00286758	0.16292367	0.01235747
440	0.81997562	0.00298149	0.16436405	0.01267884
450	0.82106424	0.00313162	0.16330762	0.01249652
460	0.82278971	0.00311454	0.16104711	0.01304864
470	0.82215882	0.00312402	0.16201333	0.01270382
480	0.82536442	0.00317662	0.15867554	0.01282364
490	0.82688627	0.00311773	0.15679554	0.01320047
500	0.82726002	0.00323014	0.15672449	0.01278534
510	0.82605704	0.00322106	0.15822859	0.01257092
520	0.82987649	0.00361371	0.15388197	0.01262783
530	0.8348184	0.00378554	0.14910072	0.01233886
540	0.8308785	0.00384143	0.15312033	0.01215973
550	0.83171713	0.00381583	0.1516335	0.01283354
560	0.83260221	0.00420708	0.15106646	0.01212425
570	0.83166218	0.00409391	0.15163218	0.01261174
580	0.83462424	0.0040794	0.14886437	0.01243199
590	0.83266201	0.00438899	0.15081583	0.01213317
600	0.83128457	0.00462553	0.15147949	0.01261042
610	0.83602906	0.00482486	0.14697441	0.01217167
620	0.83477389	0.00482374	0.14822686	0.01217551
630	0.8345027	0.00503549	0.14824632	0.01221549
640	0.83466564	0.00524458	0.14748764	0.01260214
650	0.83608109	0.00547783	0.14607384	0.01236724
660	0.83666229	0.00580523	0.14491423	0.01261825
670	0.83813926	0.00601683	0.14369233	0.01215157
680	0.83877727	0.00613662	0.14222738	0.01285873
690	0.83873798	0.00627298	0.14214172	0.01284732
700	0.83913383	0.00632762	0.1421037	0.01243485
710	0.83890164	0.00661635	0.14206536	0.01241665
720	0.83994892	0.00694823	0.14034489	0.01275796
730	0.83901309	0.00736926	0.14114802	0.01246963
740	0.84120313	0.00730769	0.13882043	0.01266875
750	0.84172108	0.00757626	0.13825948	0.01244317
760	0.84171063	0.00815478	0.13800934	0.01212525
770	0.84214844	0.00807364	0.13745005	0.01232787
780	0.84345928	0.0087206	0.13551786	0.01230226
790	0.8456732	0.00897548	0.13376155	0.01158978
800	0.846026	0.00952177	0.13289752	0.0115547
810	0.8457472	0.00945552	0.13311885	0.01167843
820	0.84896431	0.01014566	0.13026786	0.01251011
830	0.84533663	0.01078024	0.13176475	0.01211838
840	0.84518287	0.01111244	0.13037663	0.01332806
850	0.84539289	0.01138963	0.13028724	0.01293024
860	0.84507376	0.01207368	0.12997215	0.01288042
870	0.84502959	0.01176102	0.13054756	0.01266182
880	0.84637795	0.01223612	0.12908573	0.0123002
890	0.84491895	0.01250009	0.12961224	0.01296872
900	0.84473879	0.01291498	0.1296583	0.01268794
910	0.84243637	0.0134934	0.13039618	0.01367404
920	0.8439064	0.01388173	0.12734731	0.01486456
930	0.84628943	0.01431203	0.12305518	0.01634336
940	0.84416484	0.01449984	0.12383641	0.01749891
950	0.84647894	0.01528592	0.1198058	0.01842933
960	0.84461512	0.01571731	0.11937585	0.02029172
970	0.84677715	0.01610803	0.11537417	0.02174065
980	0.84563552	0.01641093	0.11586026	0.02209329
990	0.83877721	0.01671038	0.12403765	0.02047476
1000	0.84617521	0.01779462	0.11544423	0.02058594
1010	0.84777171	0.01779158	0.11392839	0.02050832
1020	0.84622457	0.01824263	0.11370071	0.02183209
1030	0.84621893	0.0185812	0.11173614	0.02346373
1040	0.84582818	0.01908943	0.11144627	0.02363611
1050	0.84872465	0.01940854	0.11046426	0.02140254
1060	0.85003191	0.01964248	0.10991951	0.0204061
1070	0.85300676	0.01949498	0.10944933	0.01804894
1080	0.85449747	0.01983038	0.11115178	0.01452037
1090	0.85747025	0.02009991	0.10966859	0.01276124
1100	0.85494768	0.0201016	0.1129788	0.01197192
1110	0.85667702	0.02022834	0.1115927	0.01150194
1120	0.85724344	0.02032121	0.11068782	0.01174754
1130	0.85779271	0.02025723	0.11024373	0.01170633
1140	0.85779271	0.02025723	0.11024373	0.01170633
1150	0.85857984	0.02044335	0.11046681	0.01051
1160	0.85860857	0.02045243	0.11037083	0.01056818
1170	0.86021405	0.02045285	0.10916202	0.01017108
1180	0.85932398	0.02059724	0.10962538	0.0104534
1190	0.85983124	0.02093691	0.10884066	0.01039118
1200	0.86058192	0.02081197	0.10783407	0.01077204
1210	0.85953344	0.02092354	0.10833258	0.01121044
1220	0.86176223	0.0212492	0.10622018	0.01076839
1230	0.86049153	0.02117874	0.10767328	0.01065645
1240	0.86125557	0.02119829	0.1070879	0.01045824
1250	0.86040412	0.0215611	0.10731902	0.01071575
1260	0.8609868	0.02171797	0.10671167	0.01058356
1270	0.86001244	0.02186606	0.1073973	0.0107242
1280	0.86055778	0.02177609	0.10826322	0.01075539
1290	0.86050396	0.02217248	0.10685143	0.01047213
1300	0.85917454	0.02264907	0.10702449	0.01115189
1310	0.85965198	0.02243853	0.10672535	0.01118414
1320	0.86082374	0.02257246	0.10557641	0.01102739
1330	0.86183847	0.02270394	0.10457656	0.01088102
1340	0.85871838	0.02267362	0.10745216	0.01115585
1350	0.85843056	0.02301537	0.10813051	0.01042357
1360	0.85926391	0.02358848	0.10644589	0.01070173
1370	0.85967311	0.02346059	0.1058265	0.0110398
1380	0.85923952	0.02345807	0.10662399	0.01067842
1390	0.85864411	0.02378319	0.1066313	0.0109414
1400	0.85813816	0.02429831	0.10587521	0.01168831
1410	0.86025831	0.02422517	0.10445913	0.01105739
1420	0.85847914	0.02462025	0.10563719	0.01126342
1430	0.85962891	0.02486795	0.10396195	0.01154118
1440	0.85906543	0.02493052	0.10433561	0.01166844
1450	0.85834204	0.02558557	0.10396013	0.01211226
1460	0.85798377	0.0253335	0.10441259	0.01227014
1470	0.85760567	0.02608145	0.1041418	0.01217108
1480	0.85767034	0.02654551	0.10241163	0.01337253
1490	0.85660836	0.02633576	0.10326999	0.01378588
1500	0.85775218	0.02705879	0.10120294	0.01398609
1510	0.856468	0.0272226	0.10180963	0.01449977
1520	0.85423317	0.0276444	0.10294066	0.01518177
1530	0.85589749	0.02792651	0.09995399	0.016222
1540	0.85636263	0.02772572	0.09888709	0.01702457
1550	0.85196928	0.02832835	0.10107121	0.01863116
1560	0.85245841	0.02904848	0.09821134	0.02028177
1570	0.85210731	0.02913491	0.09898991	0.01976786
1580	0.85411697	0.02891613	0.09743773	0.01952918
1590	0.85235378	0.02980584	0.09872072	0.01911966
1600	0.85231757	0.03019718	0.09902622	0.01845903
1610	0.85183751	0.02993242	0.09947882	0.01875125
1620	0.85010284	0.03028143	0.10053531	0.01908042
1630	0.84939155	0.03122663	0.10038952	0.0189923
1640	0.8524622	0.03095253	0.09843248	0.01815279
1650	0.85269439	0.03116954	0.09769715	0.01843892
1660	0.8519219	0.03145818	0.09837398	0.01824594
1670	0.84970858	0.03146456	0.09930523	0.01952164
1680	0.85137036	0.0320792	0.0972786	0.01927185
1690	0.85164244	0.03230283	0.09674435	0.01931038
1700	0.84938859	0.03253588	0.09810986	0.01996567
1710	0.8510571	0.03235707	0.09707627	0.01950956
1720	0.85028688	0.03298833	0.09660583	0.02011896
1730	0.84898969	0.03339701	0.09700402	0.02060928
1740	0.84885168	0.03382654	0.09644173	0.02088005
1750	0.84861158	0.03392837	0.09643971	0.02102033
1760	0.8467189	0.03416939	0.0972498	0.02186191
1770	0.84848887	0.03392884	0.09573264	0.02184965
1780	0.84637037	0.03467491	0.09590775	0.02304697
1790	0.84477778	0.03485175	0.09412881	0.02624166
1800	0.84322815	0.03526081	0.09470801	0.02680303
1810	0.84384194	0.03554888	0.09562839	0.02498079
1820	0.84597668	0.03589888	0.09444889	0.02367555
1830	0.84536159	0.03619575	0.0949333	0.02350936
1840	0.84613621	0.03620873	0.09432697	0.02332809
1850	0.84242554	0.0371812	0.09644308	0.02395018
1860	0.84381924	0.03714586	0.0940328	0.0250021
1870	0.8470946	0.03698403	0.09150455	0.02441682
1880	0.84349456	0.03726167	0.09380504	0.02543874
1890	0.84388997	0.03737135	0.09330336	0.02543532
1900	0.84529823	0.03759717	0.09176844	0.02533616
1910	0.84356689	0.03742554	0.09208491	0.02692266
1920	0.84198242	0.03822607	0.09215599	0.02763552
1930	0.84397377	0.03791265	0.0906791	0.02743448
1940	0.84150779	0.03800493	0.09279151	0.02769577
1950	0.84051819	0.03804693	0.09151212	0.02992276
1960	0.8393576	0.03869596	0.0917197	0.03022675
1970	0.83868527	0.03841137	0.0908201	0.03208327
1980	0.83589647	0.0388533	0.09090227	0.03434796
1990	0.83654454	0.03858058	0.09008942	0.03478546
2000	0.83909266	0.03763858	0.09049089	0.03509814
2010	0.83514854	0.03826047	0.09042473	0.03662993
2020	0.83569398	0.03603566	0.09284501	0.03586817
2030	0.83056993	0.03750804	0.09312209	0.04157136
2040	0.83113062	0.0366721	0.09336406	0.04090433
2050	0.83114117	0.03690659	0.09228968	0.04069275
2060	0.83229751	0.03799163	0.08982099	0.04036475
2070	0.8326863	0.03900617	0.08640371	0.04190382
2080	0.82756689	0.04045789	0.08674323	0.04523199
2090	0.82618954	0.04036506	0.08891406	0.04453134
2100	0.82744421	0.04060492	0.08501124	0.04693963
2110	0.82462723	0.04120426	0.08583905	0.04832946
2120	0.82638015	0.04045472	0.08306206	0.05010307
2130	0.82214303	0.04109944	0.08460218	0.05215536
2140	0.82610259	0.04069244	0.08088955	0.05231542
2150	0.81850294	0.041692	0.08465561	0.05514945
2160	0.81739421	0.04184067	0.0842136	0.05655152
2170	0.81739238	0.04244999	0.08376687	0.05639076
2180	0.81491129	0.04225161	0.08407132	0.05876578
2190	0.81338189	0.04291859	0.08334517	0.06035436
2200	0.81298189	0.04286557	0.08289646	0.06125608
2210	0.8109204	0.04327474	0.08313834	0.06266652
2220	0.81153016	0.04354233	0.081457	0.0634705
2230	0.80966863	0.04356595	0.08225042	0.064515
2240	0.80811312	0.04395259	0.08149913	0.06643517
2250	0.80692953	0.04377485	0.08232318	0.06697244
2260	0.80862654	0.04397539	0.08016653	0.06723154
2270	0.80856492	0.04397732	0.07906701	0.06839075
2280	0.80587697	0.04402514	0.08044365	0.06965424
2290	0.80670856	0.04428549	0.07916487	0.06984108
2300	0.80321363	0.04482558	0.08014529	0.0718155
2310	0.80392001	0.04554717	0.0784028	0.07213001
2320	0.79941823	0.04588417	0.08014346	0.07455414
2330	0.80172134	0.04606952	0.07862226	0.07358688
2340	0.801133	0.04609907	0.07929731	0.07347062
2350	0.79970272	0.04668872	0.07909577	0.07451279
2360	0.80066718	0.04750416	0.07775255	0.07407611
2370	0.80014647	0.04715944	0.07774402	0.07495007
2380	0.80044753	0.04808463	0.07725193	0.07421591
2390	0.79908081	0.04820908	0.07760603	0.07510409
2400	0.80052556	0.04826094	0.0761601	0.0750534
2410	0.79825103	0.04911891	0.07701669	0.07561338
2420	0.79697191	0.04941733	0.07804798	0.07556278
2430	0.79756681	0.04984028	0.07694406	0.07564885
2440	0.79592528	0.0503544	0.07652034	0.07719997
2450	0.79607419	0.05038066	0.07628022	0.07726494
2460	0.79694932	0.05105559	0.07559423	0.07640086
2470	0.79630703	0.05112117	0.07638845	0.07618335
2480	0.79484633	0.05189961	0.07575443	0.07749963
2490	0.79523661	0.05204889	0.07629094	0.07642356
2500	0.79348617	0.0531623	0.07615296	0.07719858
2510	0.79384698	0.05294716	0.07642253	0.07678333
2520	0.79248516	0.05388405	0.07556376	0.07806703
2530	0.79262928	0.05439353	0.07489701	0.07808017
2540	0.79263559	0.05466189	0.07584509	0.07685742
2550	0.79276387	0.05576659	0.07338592	0.07808362
2560	0.7910532	0.05638585	0.07497907	0.07758188
2570	0.79088605	0.05640633	0.07476882	0.0779388
2580	0.79159922	0.05704807	0.07273868	0.07861404
2590	0.78995274	0.05762083	0.07426121	0.07816522
2600	0.79021156	0.05786157	0.07418802	0.07773885
2610	0.78875479	0.05851446	0.07335346	0.07937729
2620	0.78968504	0.0595025	0.07232853	0.07848394
2630	0.78875594	0.06005343	0.07263215	0.07855849
2640	0.78858069	0.06035006	0.07241687	0.07865238
2650	0.78895859	0.06036842	0.07227452	0.07839847
2660	0.78837538	0.06066268	0.07272962	0.07823232
2670	0.78754172	0.06102029	0.07319868	0.0782393
2680	0.78626107	0.0614603	0.07357083	0.0787078
2690	0.78546171	0.06179626	0.07259028	0.08015175
2700	0.78672714	0.06238138	0.07191315	0.07897832
2710	0.78392127	0.06302545	0.07260006	0.08045322
2720	0.78465976	0.06373096	0.0720388	0.07957048
2730	0.7842858	0.06464576	0.07270144	0.07836701
2740	0.78148062	0.06435596	0.07331098	0.08085244
2750	0.78168457	0.06520804	0.07400295	0.07910445
2760	0.78168293	0.06616208	0.07270513	0.07944986
2770	0.78333879	0.06661253	0.07081572	0.07923296
2780	0.78391994	0.06746263	0.07034611	0.07827132
2790	0.78137912	0.06803349	0.07068015	0.07990723
2800	0.77986025	0.06845201	0.07168688	0.08000086
2810	0.78270508	0.06811296	0.07113853	0.07804343
2820	0.78012698	0.06840287	0.07218485	0.0792853
2830	0.78109036	0.06858028	0.07097519	0.07935417
2840	0.78031675	0.06870566	0.07161314	0.07936445
2850	0.77967019	0.06957665	0.07266672	0.07808644
2860	0.78077469	0.06977909	0.0707464	0.07869981
2870	0.77832879	0.07020654	0.07120123	0.08026344
2880	0.77920662	0.07031851	0.0705614	0.07991346
2890	0.77914971	0.0704703	0.07104179	0.0793382
2900	0.77831589	0.07142848	0.07069867	0.07955696
2910	0.77702798	0.07226208	0.07124742	0.07946252
2920	0.77701653	0.07250743	0.07091856	0.07955749
2930	0.77626933	0.07311438	0.07089065	0.07972564
2940	0.77638308	0.07391446	0.07060593	0.07909653
2950	0.77602643	0.07363045	0.07109606	0.07924706
2960	0.7771415	0.07324444	0.06993872	0.07967534
2970	0.77715241	0.07452459	0.06900084	0.07932216
2980	0.77427824	0.07538024	0.07087648	0.07946503
2990	0.77521173	0.07506929	0.07073477	0.07898422
3000	0.77361865	0.07595829	0.06971152	0.08071155
3010	0.77661667	0.07587088	0.0689592	0.07855325
3020	0.7733432	0.07614565	0.07157184	0.07893931
3030	0.775099	0.07596515	0.06982082	0.07911503
3040	0.77466952	0.07705959	0.06964593	0.07862496
3050	0.77350377	0.07728719	0.07112791	0.07808114
3060	0.77403944	0.07722578	0.07093232	0.07780246
3070	0.77404604	0.07814292	0.06957426	0.07823677
3080	0.77452185	0.07870891	0.0686553	0.07811393
3090	0.77389491	0.07848784	0.07005957	0.07755769
3100	0.77420153	0.07899899	0.06889366	0.07790582
3110	0.77413441	0.07941971	0.069708	0.07673789
3120	0.77302673	0.0794668	0.06890997	0.0785965
3130	0.77242664	0.08017877	0.06987409	0.07752051
3140	0.77447373	0.08044068	0.06781865	0.07726694
3150	0.7717736	0.08070228	0.06940695	0.07811717
3160	0.77301873	0.081244	0.06821468	0.07752259
3170	0.77083502	0.08180482	0.06928074	0.07807942
3180	0.77239726	0.08206106	0.06885037	0.07669131
3190	0.77181908	0.08212091	0.06873407	0.07732593
3200	0.77007389	0.08270314	0.07016189	0.07706107
3210	0.77076722	0.08289167	0.06945848	0.07688263
3220	0.772105	0.08369877	0.06851288	0.07568334
3230	0.77226351	0.08390238	0.06848393	0.07535018
3240	0.76990012	0.08426519	0.06904709	0.07678759
3250	0.77012915	0.08473598	0.06837913	0.07675574
3260	0.76869267	0.08500381	0.06895677	0.07734675
3270	0.77052977	0.08538023	0.06864595	0.07544406
3280	0.77195562	0.08664882	0.06590171	0.07549385
3290	0.77551577	0.08483786	0.06572092	0.07392544
3300	0.76953196	0.08619144	0.06984496	0.07443163
3310	0.76806735	0.08757846	0.06715006	0.07720412
3320	0.76637847	0.08830587	0.06890604	0.07640962
3330	0.76942594	0.08931804	0.06566562	0.0755904
3340	0.76727281	0.08911499	0.06724488	0.07636732
3350	0.76091473	0.08854372	0.07196784	0.07857371
3360	0.76390987	0.08925117	0.07095274	0.07588623
3370	0.76393793	0.08953976	0.07093181	0.0755905
3380	0.76473347	0.0902078	0.06987029	0.07518845
3390	0.76510503	0.09083257	0.06809694	0.07596545
3400	0.76353953	0.09148379	0.06885864	0.07611804
3410	0.76353953	0.09148379	0.06885864	0.07611804
3420	0.76351607	0.09172474	0.0681651	0.0765941
3430	0.76372536	0.09188799	0.06908009	0.07530657
3440	0.76333179	0.09224598	0.06841303	0.07600921
3450	0.76248244	0.09218008	0.06893631	0.07640118
3460	0.76006218	0.09222441	0.07141622	0.07629718
3470	0.76085123	0.09240342	0.07116629	0.07557907
3480	0.7623597	0.09220852	0.07049396	0.07493782
3490	0.76138686	0.09430565	0.06798287	0.07632462
3500	0.76290533	0.09427933	0.0674151	0.07540025
3510	0.7624912	0.09463131	0.0667231	0.07615438
3520	0.76231511	0.0956498	0.06669447	0.07534062
3530	0.76113893	0.09594409	0.06697639	0.07594059
3540	0.76096123	0.09614484	0.06557005	0.07732388
3550	0.76242734	0.09651038	0.06531698	0.07574529
3560	0.76006906	0.0969909	0.06794279	0.07499724
3570	0.75910083	0.09680365	0.06801605	0.07607947
3580	0.76111719	0.09728967	0.06726177	0.07433137
3590	0.7593456	0.09736505	0.06769047	0.07559888
3600	0.760087	0.09811425	0.06646383	0.07533492
3610	0.76008002	0.0982858	0.06653391	0.07510026
3620	0.76194593	0.09853572	0.06486398	0.07465437
3630	0.76012835	0.09858198	0.06632794	0.07496174
3640	0.75800006	0.09910383	0.06652536	0.07637075
3650	0.76066109	0.0994522	0.06467708	0.07520963
3660	0.75680172	0.09958718	0.06789213	0.07571897
3670	0.75842847	0.09999334	0.06631241	0.07526578
3680	0.75969944	0.09996277	0.06614984	0.07418795
3690	0.75899569	0.10030045	0.06684211	0.07386175
3700	0.75714199	0.10105432	0.06678463	0.07501906
3710	0.75810666	0.10186883	0.0659153	0.07410921
3720	0.75841608	0.10098664	0.06547596	0.07512132
3730	0.75752107	0.10160774	0.06736207	0.07350912
3740	0.75805493	0.101392	0.06768381	0.07286927
3750	0.7592888	0.10211393	0.06428461	0.07431266
3760	0.75762606	0.10223813	0.06661293	0.07352289
3770	0.75660959	0.10271301	0.06687795	0.07379945
3780	0.76007398	0.10223487	0.06449743	0.07319373
3790	0.75679622	0.10388757	0.06554031	0.07377591
3800	0.75699422	0.10400409	0.06585603	0.07314566
3810	0.75563811	0.10425147	0.06663863	0.0734718
3820	0.75522988	0.10448625	0.0653494	0.07493447
3830	0.7535278	0.10471228	0.06695219	0.07480773
3840	0.75522268	0.10553109	0.0653568	0.07388943
3850	0.75509067	0.10515336	0.06569204	0.07406394
3860	0.75552023	0.10606117	0.06509408	0.07332452
3870	0.75546839	0.10563048	0.0645703	0.07433083
3880	0.75570216	0.10658697	0.06500595	0.07270492
3890	0.7558843	0.10621892	0.06673879	0.07115799
3900	0.75617611	0.10603047	0.0650593	0.07273412
3910	0.7555388	0.10793115	0.06434925	0.07218079
3920	0.75489034	0.10710657	0.06582778	0.07217531
3930	0.75608937	0.10786002	0.06415059	0.07190002
3940	0.75584017	0.10830028	0.0637154	0.07214415
3950	0.75666822	0.10798162	0.06412454	0.07122563
3960	0.75471331	0.10914091	0.0645173	0.07162848
3970	0.75482462	0.10932089	0.0635784	0.07227609
3980	0.75383182	0.10987717	0.06358775	0.07270326
3990	0.75389312	0.10929594	0.06379426	0.07301668
4000	0.75385336	0.110061	0.0644477	0.07163795
4010	0.75352674	0.10763967	0.06726208	0.07157152
4020	0.75333341	0.10676187	0.06748589	0.07241883
4030	0.75295616	0.10850732	0.06681412	0.0717224
4040	0.75203188	0.10878656	0.06630657	0.072875
4050	0.75214206	0.10887791	0.06666329	0.07231673
4060	0.75289675	0.10994638	0.0650054	0.07215147
4070	0.75345072	0.11170849	0.06223902	0.07260177
4080	0.7502927	0.11165174	0.06368215	0.07437342
4090	0.75042949	0.11123887	0.06382604	0.07450561
4100	0.75173537	0.11072653	0.06237202	0.07516608
4110	0.75068853	0.111895	0.06314242	0.07427405
4120	0.75019956	0.11304224	0.06336833	0.07338988
4130	0.75142116	0.11140418	0.06394106	0.0732336
4140	0.74984235	0.11241288	0.06444745	0.07329732
4150	0.75007521	0.11216559	0.06330475	0.07445445
4160	0.75049326	0.11255557	0.06328684	0.07366433
4170	0.74942716	0.11236499	0.06399009	0.07421776
4180	0.74918969	0.11263075	0.063844	0.07433556
4190	0.74799646	0.11328896	0.06415089	0.07456369
4200	0.75017282	0.11233141	0.06410686	0.07338892
4210	0.74947382	0.11205547	0.06380189	0.07466882
4220	0.74876096	0.11350142	0.06327167	0.07446595
4230	0.74869599	0.11311661	0.06362716	0.07456025
4240	0.74749183	0.11380568	0.06350786	0.07519462
4250	0.74650962	0.1129912	0.06435415	0.07614503
4260	0.74821672	0.11309564	0.06417097	0.07451666
4270	0.74936018	0.11313119	0.06361672	0.07389191
4280	0.74914188	0.11399981	0.06331139	0.07354691
4290	0.75103355	0.11370823	0.06258388	0.07267434
4300	0.74755692	0.11401628	0.06414929	0.0742775
4310	0.74825884	0.11438691	0.06340641	0.07394784
4320	0.74863498	0.11423509	0.06378212	0.07334782
4330	0.74892825	0.11402839	0.06310092	0.07394244
4340	0.74792764	0.1144067	0.06403054	0.07363512
4350	0.74770789	0.11450237	0.06407331	0.07371643
4360	0.74821744	0.11454286	0.06367574	0.07356396
4370	0.7467301	0.11524991	0.06394083	0.07407916
4380	0.74913768	0.11445187	0.0622079	0.07420255
4390	0.74923941	0.11488805	0.0625925	0.07328003
4400	0.7487264	0.11485847	0.06306904	0.07334609
4410	0.74837482	0.11537465	0.06354293	0.0727076
4420	0.74954109	0.11555184	0.0622112	0.07269588
4430	0.74762041	0.11599328	0.06336632	0.07301999
4440	0.74947475	0.11584078	0.06166476	0.07301971
4450	0.74846625	0.11531616	0.0635539	0.07266369
4460	0.74750254	0.11580917	0.06312087	0.07356742
4470	0.7472896	0.11529079	0.06257908	0.07484053
4480	0.74610851	0.11542906	0.06408342	0.07437901
4490	0.7475012	0.11564876	0.06431338	0.07253666
4500	0.74861774	0.11494813	0.06346304	0.07297109
4510	0.74700091	0.11538271	0.06409153	0.07352484
4520	0.74762625	0.11587553	0.0629631	0.07353512
4530	0.74736929	0.11622343	0.06371618	0.07269111
4540	0.74897112	0.11524945	0.06284643	0.072933
4550	0.74809973	0.11575829	0.06329532	0.07284665
4560	0.74888351	0.11604104	0.06294527	0.07213018
4570	0.74849952	0.11600096	0.06399259	0.07150692
4580	0.74896841	0.11619608	0.06346866	0.07136685
4590	0.74800703	0.11618015	0.06326364	0.07254918
4600	0.74898854	0.1161051	0.06243727	0.07246909
4610	0.74817448	0.11563237	0.06363246	0.07256068
4620	0.74868636	0.11562567	0.06345057	0.07223739
4630	0.74890156	0.1157089	0.06389847	0.07149107
4640	0.74819737	0.11552689	0.06348636	0.07278938
4650	0.74866604	0.11573307	0.06381185	0.07178904
4660	0.7482625	0.11656405	0.06222435	0.0729491
4670	0.74934904	0.1155866	0.06302773	0.07203664
4680	0.74827927	0.11468861	0.06501865	0.07201347
4690	0.74895952	0.11469194	0.06419975	0.07214878
4700	0.74734675	0.11542608	0.06366148	0.07356568
4710	0.74861859	0.11449383	0.06368774	0.07319984
4720	0.7490323	0.11364923	0.06516486	0.0721536
4730	0.74933999	0.1148164	0.06312332	0.07272029
4740	0.74961341	0.11429335	0.06391172	0.07218151
4750	0.74940695	0.11504872	0.06306592	0.07247841
4760	0.74804053	0.11461582	0.06429141	0.07305223
4770	0.75019373	0.114876	0.06250206	0.0724282
4780	0.74938447	0.11452597	0.06440463	0.07168493
4790	0.74737104	0.11409494	0.06438957	0.07414446
4800	0.74938211	0.1137944	0.0637971	0.0730264
4810	0.7492598	0.11413139	0.06275916	0.07384965
4820	0.75001029	0.11366301	0.06427297	0.07205374
4830	0.75098088	0.11300812	0.06396718	0.07204381
4840	0.7504921	0.11365727	0.06420081	0.07164982
4850	0.75220736	0.11311909	0.06278406	0.07188949
4860	0.75123435	0.1126124	0.06412501	0.07202824
4870	0.75091477	0.1127925	0.06396694	0.07232579
4880	0.75329642	0.11211988	0.06270163	0.07188207
4890	0.74996611	0.1126568	0.06537329	0.0720038
4900	0.75192812	0.11203138	0.06390367	0.07213683
4910	0.75354907	0.11149518	0.06344342	0.07151234
4920	0.75214172	0.11118672	0.06514727	0.07152429
4930	0.75444643	0.11077289	0.06315607	0.07162461
4940	0.75304287	0.11059803	0.06430543	0.07205367
4950	0.7531368	0.11046643	0.06410646	0.07229031
4960	0.75232401	0.11034535	0.06557503	0.07175562
4970	0.75192248	0.11058097	0.06522371	0.07227285
4980	0.75304006	0.11007006	0.06467749	0.07221238
4990	0.75287167	0.10981336	0.06435768	0.0729573
5000	0.75291349	0.10912084	0.06504171	0.07292396
5010	0.75420198	0.10813569	0.06504095	0.07262138
5020	0.75480212	0.1081231	0.06405295	0.07302182
5030	0.75554225	0.10817423	0.0642832	0.07200032
5040	0.75663971	0.10773183	0.06396299	0.07166546
5050	0.75499296	0.10780986	0.06524853	0.07194864
5060	0.7547146	0.10732222	0.06594651	0.07201666
5070	0.75379549	0.10732186	0.06558879	0.07329386
5080	0.75502905	0.10720138	0.06557465	0.07219492
5090	0.75446278	0.10699045	0.06539367	0.07315309
5100	0.75526521	0.10573658	0.06611947	0.07287874
5110	0.75714849	0.1063015	0.06439359	0.07215642
5120	0.75679103	0.10600148	0.06534289	0.07186461
5130	0.75613759	0.10472139	0.06728086	0.07186016
5140	0.75524042	0.10552022	0.0667359	0.07250346
5150	0.75601724	0.10546411	0.06596306	0.0725556
5160	0.75633742	0.10520325	0.06564232	0.07281701
5170	0.75663362	0.10369988	0.06792665	0.07173984
5180	0.75580902	0.10426375	0.06712989	0.07279734
5190	0.756766	0.1051346	0.06595544	0.07214396
5200	0.75521165	0.10492117	0.06628157	0.07358561
5210	0.7571314	0.10359202	0.06531378	0.0739628
5220	0.75340132	0.10292604	0.07010086	0.07357178
5230	0.75698494	0.10378796	0.06467513	0.07455197
5240	0.75872805	0.10384584	0.0653658	0.07206031
5250	0.75723942	0.10357665	0.06580917	0.07337477
5260	0.75606566	0.10278778	0.06803817	0.07310839
5270	0.75870453	0.10280718	0.06495459	0.0735337
5280	0.75788239	0.10295124	0.06524489	0.07392149
5290	0.75884214	0.10193563	0.06610382	0.07311841
5300	0.75971195	0.101312	0.06685306	0.07212299
5310	0.76024558	0.10053197	0.06710249	0.07211996
5320	0.75872789	0.09978101	0.0694019	0.0720892
5330	0.75958783	0.10064423	0.06740982	0.07235812
5340	0.75939594	0.10095103	0.06686116	0.07279187
5350	0.75952335	0.10114044	0.06628971	0.07304651
5360	0.75966183	0.09979995	0.06822317	0.07231506
5370	0.75934969	0.10113337	0.06636473	0.0731522
5380	0.76097139	0.10023799	0.06625405	0.07253657
5390	0.75981649	0.10027526	0.06665022	0.07325802
5400	0.76002865	0.1000916	0.06611053	0.07376922
5410	0.761686	0.09982707	0.06595921	0.07252772
5420	0.76109518	0.09942026	0.06573065	0.07375392
5430	0.76234105	0.09900678	0.06613301	0.07251916
5440	0.76200238	0.09862072	0.0667342	0.07264269
5450	0.76062366	0.09851713	0.06701447	0.07384474
5460	0.76126861	0.09801569	0.0674075	0.0733082
5470	0.76234236	0.09737056	0.06678742	0.07349966
5480	0.76290964	0.09787505	0.06611988	0.07309543
5490	0.76327516	0.09748461	0.0657978	0.07344242
5500	0.76225449	0.09756162	0.06685095	0.07333294
5510	0.7620344	0.09757304	0.06786007	0.0725325
5520	0.76336406	0.09655621	0.06774768	0.07233205
5530	0.76201965	0.09646062	0.06758515	0.07393458
5540	0.76207862	0.09656893	0.0675837	0.07376875
5550	0.76294321	0.09612489	0.06711216	0.07381974
5560	0.76653842	0.09499192	0.06578547	0.07268419
5570	0.76355569	0.09534906	0.06783962	0.07325563
5580	0.7668544	0.09463881	0.06529228	0.07321451
5590	0.76580476	0.09451053	0.06746267	0.07222204
5600	0.76663785	0.09413099	0.06731432	0.07191684
5610	0.76702859	0.09395384	0.0669832	0.07203437
5620	0.76596518	0.09359737	0.06826629	0.07217116
5630	0.76727573	0.09196817	0.06761885	0.07313725
5640	0.76656874	0.09165344	0.06869867	0.07307915
5650	0.77003946	0.09082024	0.06644216	0.07269814
5660	0.76670402	0.08996818	0.07035674	0.07297106
5670	0.76670402	0.08996818	0.07035674	0.07297106
5680	0.76839899	0.08858919	0.06872286	0.07428896
5690	0.7691623	0.08860631	0.06849297	0.07373842
5700	0.77058034	0.08801225	0.06872086	0.07268655
5710	0.7719019	0.08743275	0.0679195	0.07274585
5720	0.77044014	0.08625053	0.07002799	0.07328134
5730	0.77040992	0.08579809	0.0702778	0.07351419
5740	0.77412761	0.08507361	0.06801948	0.0727793
5750	0.77253962	0.08501039	0.0698062	0.07264379
5760	0.77365205	0.08362334	0.07007605	0.07264857
5770	0.77337472	0.08400352	0.06937784	0.07324392
5780	0.77258441	0.08323467	0.07110863	0.07307229
5790	0.77355184	0.08240212	0.07006622	0.07397982
5800	0.77397748	0.08138232	0.07011152	0.07452869
5810	0.77517923	0.08073181	0.06932984	0.07475911
5820	0.77532232	0.08045106	0.06962921	0.07459741
5830	0.77686385	0.07922457	0.07014408	0.0737675
5840	0.77524131	0.07942146	0.07110211	0.07423511
5850	0.77701204	0.07815165	0.07097223	0.07386408
5860	0.77662494	0.07803356	0.0702432	0.0750983
5870	0.77623845	0.07708483	0.07153673	0.07513999
5880	0.77684541	0.0772121	0.07261106	0.07333143
5890	0.77748449	0.07642257	0.07176698	0.07432596
5900	0.77654551	0.07561132	0.07230114	0.07554203
5910	0.77885177	0.07456696	0.07268138	0.07389989
5920	0.77705652	0.07451726	0.07356993	0.07485629
5930	0.78092636	0.07379861	0.0710539	0.07422113
5940	0.77996073	0.07365622	0.07211003	0.07427302
5950	0.7788879	0.07314979	0.07276876	0.07519355
5960	0.78110017	0.07267164	0.07086722	0.07536098
5970	0.78076078	0.0722598	0.07346579	0.07351362
5980	0.7813962	0.07164951	0.07208339	0.0748709
5990	0.78012517	0.07122615	0.07358961	0.07505907
6000	0.78217497	0.07132687	0.07196866	0.07452951
6010	0.78414779	0.07073911	0.07080457	0.07430853
6020	0.78206633	0.07028524	0.07224478	0.07540365
6030	0.78191668	0.06883313	0.07569431	0.07355588
6040	0.78249085	0.06758999	0.07504711	0.07487204
6050	0.78245086	0.06863214	0.07320238	0.07571462
6060	0.78237946	0.06793712	0.07410084	0.07558258
6070	0.78461477	0.06723513	0.07380668	0.07434342
6080	0.78358354	0.0667606	0.0735295	0.07612635
6090	0.78557569	0.06669299	0.07337712	0.0743542
6100	0.7853012	0.0659562	0.07321028	0.07553232
6110	0.78601198	0.06568791	0.07409994	0.07420018
6120	0.78647421	0.06456844	0.07383847	0.07511888
6130	0.78796132	0.06441028	0.07284727	0.07478113
6140	0.78830608	0.06331546	0.07386788	0.07451057
6150	0.78712184	0.06286231	0.07629319	0.07372266
6160	0.78675305	0.06279883	0.0754748	0.07497332
6170	0.79044497	0.06169498	0.07415183	0.07370822
6180	0.78905919	0.06184571	0.07320577	0.07588933
6190	0.7886088	0.06088583	0.07492	0.07558537
6200	0.78851709	0.05997781	0.07714329	0.07436181
6210	0.7892862	0.06011866	0.07587046	0.07472468
6220	0.79037692	0.05926592	0.07452875	0.07582841
6230	0.79071458	0.05808877	0.07621739	0.07497926
6240	0.79070196	0.05757008	0.07654917	0.07517878
6250	0.78821159	0.05837806	0.07631948	0.07709087
6260	0.79038699	0.05751174	0.07679771	0.07530356
6270	0.79008958	0.05676349	0.0768652	0.07628173
6280	0.79020634	0.05616346	0.07780032	0.07582989
6290	0.79076266	0.05621223	0.0774693	0.07555582
6300	0.7894492	0.0557839	0.07814017	0.07662674
6310	0.79192185	0.05518407	0.07695372	0.07594036
6320	0.79130941	0.05479826	0.07830218	0.07559014
6330	0.79060122	0.05492254	0.07838627	0.07608996
6340	0.791066	0.05361236	0.0789988	0.07632285
6350	0.79317144	0.05358746	0.0776838	0.07555729
6360	0.79091289	0.05359337	0.07897366	0.07652008
6370	0.79004506	0.05327014	0.07969081	0.07699399
6380	0.79168371	0.05266734	0.0787495	0.07689944
6390	0.79231352	0.05286251	0.07898344	0.07584053
6400	0.79310172	0.05244214	0.07895256	0.07550358
6410	0.79222993	0.05240124	0.07997109	0.07539774
6420	0.79426969	0.0516873	0.07877577	0.07526724
6430	0.79460874	0.05215405	0.07835419	0.07488303
6440	0.79641168	0.05161067	0.07915799	0.07281965
6450	0.79677927	0.05154115	0.07927729	0.07240229
6460	0.79611261	0.05146899	0.08129911	0.07111929
6470	0.7955027	0.05128595	0.0816556	0.07155575
6480	0.79787816	0.05065581	0.08093783	0.0705282
6490	0.79720823	0.05092491	0.07969044	0.07217642
6500	0.79723456	0.05065449	0.08250139	0.06960956
6510	0.79920036	0.05074899	0.08071609	0.06933457
6520	0.79890096	0.0503546	0.08180377	0.06894067
6530	0.79942518	0.0498728	0.08297632	0.0677257
6540	0.80084951	0.04961357	0.08228271	0.06725421
6550	0.80411755	0.04984401	0.08070147	0.06533696
6560	0.8037931	0.05058207	0.08076451	0.06486033
6570	0.80573989	0.04871552	0.0819817	0.06356288
6580	0.80546896	0.04873423	0.08392868	0.06186813
6590	0.8080347	0.04822841	0.08447678	0.0592601
6600	0.80945835	0.04776077	0.08534137	0.05743951
6610	0.81084818	0.04684768	0.08657676	0.05572739
6620	0.81207771	0.04713506	0.08671555	0.05407168
6630	0.81231495	0.04690126	0.08608809	0.0546957
6640	0.81334036	0.04587558	0.08833073	0.05245333
6650	0.81560602	0.04509626	0.08906055	0.05023718
6660	0.81608782	0.04460468	0.08949781	0.0498097
6670	0.81905222	0.0446118	0.08782533	0.04851064
6680	0.82047114	0.04400949	0.08904476	0.04647461
6690	0.82041492	0.04283846	0.0902837	0.04646292
6700	0.82209318	0.0423379	0.09038921	0.04517971
6710	0.82224094	0.04192703	0.09220197	0.04363006
6720	0.82508196	0.04127943	0.09221027	0.04142834
6730	0.82640673	0.04049435	0.09106963	0.04202929
6740	0.82540777	0.04025827	0.09432808	0.04000588
6750	0.82972086	0.03920671	0.09214732	0.03892512
6760	0.8288985	0.03901662	0.09547965	0.03660523
6770	0.83040452	0.03831162	0.09588287	0.03540099
6780	0.83351009	0.03747997	0.09558358	0.03342636
6790	0.83428329	0.0379403	0.09537573	0.03240068
6800	0.83388651	0.03711216	0.09801925	0.03098208
6810	0.8358038	0.03681865	0.098503	0.02887455
6820	0.83945009	0.03649953	0.09603386	0.02801652
6830	0.83370145	0.03534321	0.10466822	0.02702081
6840	0.83649607	0.03526733	0.10159203	0.02729443
6850	0.84283704	0.03561247	0.09455766	0.02699283
6860	0.84194642	0.03517759	0.09623095	0.02664504
6870	0.83935054	0.03503357	0.09817187	0.02744402
6880	0.84442873	0.03425125	0.09499269	0.02632733
6890	0.84303584	0.03287231	0.09769603	0.02639582
6900	0.84750458	0.03267327	0.09629665	0.02380227
6910	0.84744754	0.03285756	0.09519013	0.02450477
6920	0.84714645	0.03362625	0.09477538	0.02445193
6930	0.84685084	0.03297121	0.09503977	0.02513818
6940	0.84767301	0.03274833	0.09337479	0.02620387
6950	0.84210468	0.03338974	0.09759091	0.02691468
6960	0.84038588	0.03299324	0.09837804	0.02824284
6970	0.83932573	0.03314312	0.09935459	0.02817656
6980	0.84060525	0.03335933	0.0978439	0.02819152
6990	0.84148427	0.03291301	0.09886816	0.02673456
7000	0.84394005	0.0328108	0.09745625	0.026086
7010	0.84561808	0.03235148	0.09782511	0.02420534
7020	0.84414996	0.03285232	0.09894302	0.0240547
7030	0.8443581	0.03244225	0.10050342	0.02269623
7040	0.84550224	0.03234096	0.09898689	0.02316992
7050	0.84379377	0.03213932	0.10271723	0.02134968
7060	0.84530779	0.0316784	0.10237018	0.02064363
7070	0.84696383	0.03196616	0.10095929	0.02011072
7080	0.84621275	0.03130907	0.10192323	0.02055496
7090	0.84894371	0.03098069	0.10007353	0.02000208
7100	0.84822028	0.03112971	0.10039276	0.02025725
7110	0.84714487	0.03076864	0.10176601	0.02032047
7120	0.84808475	0.03073585	0.1019095	0.0192699
7130	0.84704819	0.0308153	0.10271883	0.01941767
7140	0.84672974	0.03047354	0.10376494	0.01903178
7150	0.84637422	0.03057935	0.10369906	0.01934737
7160	0.8479002	0.03069889	0.10294942	0.01845149
7170	0.8465754	0.0302258	0.10407392	0.01912487
7180	0.84824404	0.03027645	0.10290557	0.01857395
7190	0.84721698	0.0296636	0.10372426	0.01939516
7200	0.84836375	0.02970674	0.10237535	0.01955416
7210	0.84652453	0.02934332	0.1050669	0.01906524
7220	0.847387	0.02961338	0.10360773	0.0193919
7230	0.8502214	0.02900197	0.10194821	0.01882842
7240	0.84752398	0.02901811	0.10486213	0.01859577
7250	0.85022762	0.02890705	0.10221757	0.01864776
7260	0.8483872	0.0285091	0.10445889	0.01864482
7270	0.84868918	0.02816517	0.10402377	0.01912187
7280	0.84776867	0.02827057	0.10378998	0.02017078
7290	0.84683349	0.02781715	0.10580369	0.01954567
7300	0.8477559	0.02853956	0.10243586	0.02126869
7310	0.84529525	0.02783764	0.10551148	0.02135564
7320	0.84620075	0.02754644	0.10444824	0.02180457
7330	0.84728995	0.02737529	0.1041782	0.02115656
7340	0.847796	0.02737356	0.10415891	0.02067153
7350	0.85002218	0.02729517	0.10227273	0.02040992
7360	0.84911729	0.02707227	0.10210111	0.02170932
7370	0.85168907	0.02604471	0.10210439	0.02039358
7380	0.85143681	0.02749632	0.10140747	0.01965939
7390	0.85067045	0.02694577	0.10339624	0.01898755
7400	0.85213658	0.02695637	0.10203297	0.01887409
7410	0.8531089	0.0268343	0.10167495	0.01838185
7420	0.85438058	0.02714757	0.10097663	0.01749522
7430	0.85383244	0.02704493	0.10012373	0.0189989
7440	0.85451127	0.02676722	0.10210309	0.01661842
7450	0.85817953	0.02642173	0.10060998	0.01478875
7460	0.85666693	0.02594424	0.10403264	0.01335619
7470	0.85418118	0.02579675	0.10653387	0.0134882
7480	0.85484201	0.02541091	0.10681965	0.01292743
7490	0.85576097	0.02505453	0.10726238	0.01192212
7500	0.85037694	0.02476121	0.11284053	0.01202132
7510	0.85427323	0.02471156	0.10942081	0.01187206
7520	0.85712538	0.02487883	0.10611141	0.01188438
7530	0.85444398	0.02417613	0.11021418	0.01116571
7540	0.85802664	0.02418256	0.10600001	0.01179079
7550	0.85621173	0.02448737	0.10809611	0.01120479
7560	0.85622284	0.02382133	0.10784766	0.01210817
7570	0.85791149	0.0241739	0.10570727	0.01220733
7580	0.85711992	0.02441119	0.10606238	0.01240651
7590	0.85689866	0.02398886	0.10652344	0.01258904
7600	0.8578582	0.02370087	0.10614133	0.0122996
7610	0.85681093	0.02358779	0.10656974	0.01303153
7620	0.85582308	0.02314095	0.10795641	0.01307957
7630	0.85597274	0.02256529	0.10916753	0.01229445
7640	0.85702458	0.02262374	0.10829567	0.01205601
7650	0.85651655	0.02219834	0.10897948	0.01230563
7660	0.8576924	0.02235713	0.10747847	0.01247201
7670	0.85808938	0.0217409	0.10831123	0.01185849
7680	0.85803295	0.02158489	0.10764109	0.01274108
7690	0.85705808	0.02140479	0.1089839	0.01255323
7700	0.85738689	0.02119523	0.10891872	0.01249916
7710	0.85751063	0.02149421	0.10732057	0.01367459
7720	0.85878753	0.02122196	0.10729852	0.01269198
7730	0.85540625	0.0207397	0.111378	0.01247606
7740	0.85740507	0.0205688	0.10948475	0.01254137
7750	0.858133	0.02005804	0.10907666	0.0127323
7760	0.85905801	0.01977574	0.10886966	0.01229659
7770	0.86006169	0.01988302	0.10811918	0.01193612
7780	0.85788217	0.01940237	0.11096987	0.01174558
7790	0.85925116	0.01909783	0.10970909	0.01194192
7800	0.86101456	0.01893391	0.10899255	0.01105898
7810	0.86015125	0.01919499	0.10950357	0.01115019
7820	0.86036051	0.01909319	0.10861472	0.01193157
7830	0.85953727	0.01893528	0.10912541	0.0125446
7840	0.85861557	0.01863267	0.110067	0.01283056
7850	0.85860323	0.0188799	0.10845154	0.01406533
7860	0.85798193	0.01896385	0.10944986	0.01360437
7870	0.85576425	0.01840179	0.11154376	0.0142902
7880	0.85685679	0.0189865	0.10912671	0.01503
7890	0.85766886	0.01798313	0.10919058	0.01550587
7900	0.85693221	0.0182446	0.10941589	0.01558238
7910	0.85709947	0.01799883	0.10914788	0.01611598
7920	0.85623969	0.01838959	0.10905206	0.01631865
7930	0.85459712	0.01829244	0.1092693	0.01784114
7940	0.85459712	0.01829244	0.1092693	0.01784114
7950	0.85421948	0.01823968	0.10991401	0.01762682
7960	0.85477931	0.01806136	0.11016932	0.01699
7970	0.85554774	0.01808453	0.10932615	0.01704159
7980	0.85341161	0.01798977	0.11134943	0.01724918
7990	0.85591674	0.01792794	0.10801147	0.01814385
8000	0.85435532	0.01834074	0.10946219	0.01784174
8010	0.8535978	0.01813363	0.11103083	0.01723774
8020	0.8522896	0.01797556	0.11149843	0.01823641
8030	0.85269636	0.01777475	0.10925594	0.02027295
8040	0.85088756	0.01790505	0.10894878	0.02225861
8050	0.84931925	0.01772292	0.10964847	0.02330935
8060	0.84776713	0.01778937	0.10948579	0.02495772
8070	0.84875016	0.01754794	0.11022653	0.02347537
8080	0.84754683	0.01732467	0.11110998	0.02401852
8090	0.84586076	0.01765841	0.11182948	0.02465135
8100	0.84708382	0.01751808	0.11061906	0.02477904
8110	0.84650934	0.01719748	0.11215048	0.02414269
8120	0.8478134	0.01681766	0.11181112	0.02355782
8130	0.84580764	0.01697378	0.11497664	0.02224194
8140	0.84776453	0.01687751	0.11494883	0.02040913
8150	0.84939989	0.01656249	0.11484815	0.01918947
8160	0.84811813	0.0163625	0.11773901	0.01778036
8170	0.84966781	0.01619019	0.1176314	0.0165106
8180	0.85103332	0.01560331	0.11735537	0.01600799
8190	0.85042653	0.01537234	0.11919303	0.0150081
8200	0.85278972	0.015159	0.11738904	0.01466225
8210	0.85191344	0.0150449	0.11885709	0.01418457
8220	0.84929334	0.01480723	0.12160537	0.01429406
8230	0.85107351	0.01435779	0.12067872	0.01388998
8240	0.85017949	0.01461498	0.12146448	0.01374105
8250	0.8511951	0.01406474	0.121226	0.01351416
8260	0.84597646	0.01379064	0.12632198	0.01391092
8270	0.84915586	0.01327397	0.12419832	0.01337186
8280	0.85022465	0.01273949	0.12366292	0.01337293
